# root_mass
# %lf
1.000000
1.100000
1.210000
1.331000
1.464100
1.610510
1.771561
1.948717
2.143589
2.357948
2.593742
2.853117
3.138428
3.452271
3.797498
4.177248
4.594973
5.054470
5.559917
6.115909
6.727500
7.400250
8.140275
8.954302
9.849733
10.834706
11.918177
13.109994
14.420994
15.863093
17.449402
19.194342
21.113777
23.225154
25.547670
28.102437
30.912681
34.003949
37.404343
41.144778
45.259256
49.785181
54.763699
60.240069
66.264076
72.890484
80.179532
88.197485
97.017234
106.718957
117.390853
129.129938
142.042932
156.247225
171.871948
189.059142
207.965057
228.761562
251.637719
276.801490
304.481640
334.929803
368.422784
405.265062
445.791568
490.370725
539.407798
593.348578
652.683435
717.951779
789.746957
868.721652
955.593818
1051.153200
1156.268519
1271.895371
1399.084909
1538.993399
1692.892739
1862.182013
2048.400215
2253.240236
2478.564260
2726.420686
2999.062754
3298.969030
3628.865933
3991.752526
4390.927778
4830.020556
5313.022612
5844.324873
6428.757360
7071.633096
7778.796406
8556.676047
9412.343651
10353.578016
11388.935818
12527.829400
13780.612340
