# PHO2	IPS1	miR399	dPHO2/dt	d^2PHO2/dt^2	β	CytoPi(0)
# 			1/hr	hr**(-2)	μM/hr	μM
# %g	%g	%g	%g	%g	%g	%g
1	0	0	0.0001	-3.77127e-05	0.1682	5000
1.00026	3.94897e-29	0.000485635	-3.50025e-08	2.36605e-09	0.1682	5000
1.00026	2.05086e-27	0.000502842	-1.22723e-09	7.87284e-11	0.1682	5000
1.00026	1.1052e-26	0.000503452	-4.22087e-11	2.22036e-12	0.1682	5000
1.00026	2.67445e-26	0.000503474	-2.37099e-12	3.74603e-13	0.1682	5000
1.00026	4.45752e-26	0.000503475	-3.52496e-14	-9.30562e-15	0.1682	5000
1.00026	6.08939e-26	0.000503475	-4.56857e-14	1.31142e-14	0.1682	5000
