# root_mass
# g
# %lf
100.000000
100.010000
100.020001
100.030003
100.040006
100.050010
100.060015
100.070021
100.080028
100.090036
100.100045
100.110055
100.120066
100.130078
100.140091
100.150105
100.160120
100.170136
100.180153
100.190171
100.200190
100.210210
100.220231
100.230253
100.240276
100.250300
100.260325
100.270351
100.280378
100.290406
100.300435
100.310465
100.320496
100.330529
100.340562
100.350596
100.360631
100.370667
100.380704
100.390742
100.400781
100.410821
100.420862
100.430904
100.440947
100.450991
100.461037
100.471083
100.481130
100.491178
100.501227
100.511277
100.521328
100.531380
100.541433
100.551488
100.561543
100.571599
100.581656
100.591714
100.601773
100.611834
100.621895
100.631957
100.642020
100.652084
100.662150
100.672216
100.682283
100.692351
100.702420
100.712491
100.722562
100.732634
100.742707
100.752782
100.762857
100.772933
100.783011
100.793089
100.803168
100.813249
100.823330
100.833412
100.843496
100.853580
100.863665
100.873752
100.883839
100.893927
100.904017
100.914107
100.924199
100.934291
100.944384
100.954479
100.964574
100.974671
100.984768
100.994867
101.004966
